1 0.340084840625 0.5590795984375 0.3202213671875 0.49379911718749997 0.2813361515625 0.5393407296875 0.30719543437499996 0.5822445515625 0.340084840625 0.5590795984375
1 0.3772865875 0.1613328328125 0.3992712171875 0.07928507968750001 0.37539303125 0.04890370625 0.3454314984375 0.14080567187499998 0.3543726875 0.16718468749999998 0.3772865875 0.1613328328125
1 0.4539701765625 0.173885728125 0.4649799984375 0.11288051406249999 0.450060509375 0.08889682343750001 0.4211508015625 0.11712533750000001 0.42008147031250004 0.2007801234375 0.4350184671875 0.20478247968750002 0.4539701765625 0.173885728125
1 0.4317579484375 0.5156908421875 0.42185247343750004 0.4530785984375 0.3780057671875 0.47730475781250004 0.36999385 0.5271216390625 0.384913340625 0.5511053328125 0.4058286375 0.5527123625 0.4317579484375 0.5156908421875
1 0.58615944375 0.49710451874999995 0.5991853765624999 0.408659084375 0.5772882859374999 0.3908001609375 0.53934985 0.49255633750000005 0.5512714359374999 0.527728359375 0.5662084328125 0.531730715625 0.58615944375 0.49710451874999995
1 0.2702913140625 0.6403086124999999 0.284299040625 0.5681150703125 0.2574054421875 0.5689033625000001 0.23347473437500002 0.598465996875 0.2554593625 0.51641824375 0.2415216671875 0.50868644375 0.2155398328125 0.6056519703125 0.24139911406249998 0.6485557921875 0.2702913140625 0.6403086124999999
1 0.5225017875 0.3961061890625 0.5455032265625 0.2903476578125 0.53256483125 0.2788864140625 0.49667752031249995 0.31323969687500003 0.48261727343749994 0.44537724531249995 0.504531871875 0.44325483437499996 0.5225017875 0.3961061890625
1 0.28307214062499997 0.8316018749999999 0.308054675 0.738365790625 0.28915548750000003 0.7093185375 0.229319959375 0.7932157890625 0.23123102499999998 0.88566358125 0.2521463234375 0.8872706109375 0.28307214062499997 0.8316018749999999
1 0.543978696875 0.893517165625 0.5659633265624999 0.8114694124999999 0.4992727515625 0.7616220828125 0.52823498125 0.6734495625 0.5123337 0.633213978125 0.4734659921875 0.65877425625 0.415594053125 0.7751752921875 0.47436024843749997 0.7749328249999999 0.48025101093749994 0.8724441781250001 0.5001494984375 0.8977619890625 0.543978696875 0.893517165625
1 0 0.88366349375 0.08180852968749999 0.9055840234374999 0.0897854328125 0.8957298124999999 0.1008127625 0.814743265625 0.02619780625 0.714806140625 0 0.6994191421875 0 0.88366349375
