1 0.5231732515624999 0.352439634375 0.560041546875 0.42851356249999994 0.575426471875 0.41929718749999995 0.568779053125 0.36515830781249997 0.5231732515624999 0.352439634375
1 0.504897825 0.24843708437499998 0.49227768281250006 0.23533195468749998 0.4601783453125 0.2429369296875 0.4798890703125 0.3137902 0.5011409078125 0.3075171296875 0.504897825 0.24843708437499998
1 0.584415415625 0.6270227937499999 0.5763326984375 0.60603319375 0.5541945390625 0.6050877453125 0.5557555562500001 0.707478896875 0.585639084375 0.6818276265625001 0.584415415625 0.6270227937499999
1 0.495102175 0.751562915625 0.48104673125 0.7716070671875 0.46555599062499997 0.8248005015625001 0.48492936875000003 0.8480674546875001 0.52698988125 0.83191205625 0.523993565625 0.7626701875 0.495102175 0.751562915625
1 0.42769556093750005 0.7854851125 0.38242710468749996 0.8203527562499999 0.3922824671875 0.855779390625 0.42792709218749997 0.8770484859375 0.45692429843750004 0.8441786984374999 0.45337900937500003 0.8153046296875001 0.42769556093750005 0.7854851125
1 0.416219471875 0.1091148609375 0.3774727171875 0.0625809546875 0.3268863265625 0.05413749375 0.3370790359375 0.1371504453125 0.40526615781249997 0.1544238234375 0.416219471875 0.1091148609375
1 0.422232003125 0.42711608749999996 0.380614653125 0.44688074375 0.41151022187499997 0.563988425 0.43320522031250003 0.5613246140625 0.4517980890625 0.533395990625 0.44747229062500005 0.45332634531249993 0.422232003125 0.42711608749999996
1 0.2402718609375 0.5593681453125 0.28986611406249996 0.604570146875 0.3382366984375 0.5949673140625 0.3289303125 0.51917288125 0.2919562015625 0.48707600937500006 0.2648374546875 0.490405771875 0.2408208359375 0.519000346875 0.2402718609375 0.5593681453125
1 0.2086156859375 0.5705823796875 0.18668915625 0.48168281718749995 0.1239257828125 0.46374348593750003 0.1340126765625 0.59073349375 0.17951266562499998 0.6474292234375 0.2086156859375 0.5705823796875
1 0.191100865625 0.33825791562499996 0.262833278125 0.3844053640625 0.2969168875 0.303283309375 0.291155790625 0.256362946875 0.2772061625 0.23243003906249998 0.2311572 0.21610210937500002 0.17548440781250002 0.2559109171875 0.191100865625 0.33825791562499996
1 0.050923596875 0.9453207265625 0.12607558125 0.8848018140624999 0.1438879421875 0.8056776171875001 0.17510095625 0.790854125 0.17288515 0.77280783125 0.051009509375 0.7218261796875 0.0105959234375 0.6168781812499999 0.050923596875 0.9453207265625
