1 0.6348416921875 0.431220946875 0.5807028125 0.424573528125 0.5714864375 0.43995845312500004 0.647560365625 0.47682674843750006 0.6348416921875 0.431220946875
1 0.7646680453125 0.5077223171874999 0.751562915625 0.495102175 0.6924828703125 0.49885909218749996 0.6862098 0.5201109296875 0.7570630703125001 0.5398216546875 0.7646680453125 0.5077223171874999
1 0.39396680625 0.4236673015625 0.37297720624999997 0.415584584375 0.3181723734375 0.414360915625 0.292521103125 0.44424444375 0.3949122546875 0.4458054609375 0.39396680625 0.4236673015625
1 0.1519325453125 0.51507063125 0.1751994984375 0.534444009375 0.2283929328125 0.51895326875 0.24843708437499998 0.504897825 0.2373298125 0.476006434375 0.16808794375 0.47301011875 0.1519325453125 0.51507063125
1 0.1229515140625 0.5720729078125 0.144220609375 0.6077175328125 0.17964724375000002 0.6175728953124999 0.21451488749999997 0.5723044390625 0.1846953703125 0.5466209906249999 0.15582130156250001 0.5430757015625 0.1229515140625 0.5720729078125
1 0.9374190453125 0.6225272828125 0.8908851390624999 0.5837805281249999 0.8455761765625001 0.5947338421875 0.8628495546874999 0.6629209640625 0.9458625062499999 0.6731136734375001 0.9374190453125 0.6225272828125
1 0.4386753859375 0.5667947796874999 0.43601157500000004 0.588489778125 0.55311925625 0.619385346875 0.5728839125 0.577767996875 0.5466736546875001 0.552527709375 0.466604009375 0.5482019109375 0.4386753859375 0.5667947796874999
1 0.509594228125 0.7351625453125 0.5129239906249999 0.7080437984375 0.48082711875 0.6710696875 0.40503268593749997 0.6617633015625 0.395429853125 0.7101338859374999 0.4406318546875 0.7597281390624999 0.48099965312500004 0.7591791640625 0.509594228125 0.7351625453125
1 0.5183171828125 0.8133108437500001 0.42941762031249997 0.7913843140625 0.3525707765625 0.820487334375 0.40926650625 0.8659873234375001 0.5362565140625 0.8760742171875 0.5183171828125 0.8133108437500001
1 0.783897890625 0.7688428 0.7675699609375 0.7227938375 0.743637053125 0.708844209375 0.696716690625 0.7030831125 0.6155946359375 0.737166721875 0.6617420843749999 0.8088991343749999 0.7440890828125 0.8245155921875 0.783897890625 0.7688428
1 0.27817382031250004 0.9489904906250001 0.22719216874999998 0.8271148500000001 0.209145875 0.82489904375 0.1943223828125 0.8561120578124999 0.1151981859375 0.87392441875 0.054679273437499995 0.9490764031250001 0.38312181875 0.9894040765625001 0.27817382031250004 0.9489904906250001
