1 0.5945945953125 0.701030928125 0.6293436296875 0.664948453125 0.5984555984375 0.6391752578125 0.540540540625 0.67525773125 0.5945945953125 0.701030928125
1 0.21621621562499999 0.7268041234375 0.2046332046875 0.7061855671874999 0.1196911203125 0.7061855671874999 0.09652509687500001 0.7371134015624999 0.19305019375000002 0.742268040625 0.21621621562499999 0.7268041234375
1 0.196911196875 0.6288659796875 0.135135134375 0.6340206187499999 0.11583011562500001 0.654639175 0.15057915 0.67525773125 0.23166023125000001 0.654639175 0.23166023125000001 0.6391752578125 0.196911196875 0.6288659796875
1 0.5328185328124999 0.5618556703124999 0.47490347499999996 0.5876288656249999 0.5096525093750001 0.623711340625 0.559845559375 0.6185567015625 0.5791505796875 0.59793814375 0.575289575 0.5773195875 0.5328185328124999 0.5618556703124999
1 0.47490347499999996 0.4175257734375 0.38610038593749996 0.4278350515625 0.37451737500000004 0.453608246875 0.4826254828125 0.463917525 0.5135135140625 0.44329896875 0.5135135140625 0.4278350515625 0.47490347499999996 0.4175257734375
1 0.6293436296875 0.7164948453125 0.6640926640625 0.7319587624999999 0.5791505796875 0.7319587624999999 0.575289575 0.7474226796875 0.675675675 0.7474226796875 0.7104247109374999 0.7113402062499999 0.6949806953125 0.6855670109374999 0.6216216218749999 0.69072165 0.6293436296875 0.7164948453125
1 0.39382239375 0.5051546390625 0.28571428593750003 0.510309278125 0.277992278125 0.5257731953125 0.3204633203125 0.5515463921875 0.4517374515625 0.530927834375 0.44401544375 0.510309278125 0.39382239375 0.5051546390625
1 0.8764478765625 0.623711340625 0.7799227796875 0.623711340625 0.7567567562499999 0.6494845359375 0.8532818531249999 0.6855670109374999 0.9420849421874999 0.6597938140624999 0.9382239374999999 0.6391752578125 0.8764478765625 0.623711340625
1 0.625482625 0.453608246875 0.6602316609375001 0.4845360828125 0.7876447875 0.510309278125 0.7722007718749999 0.453608246875 0.864864865625 0.4226804125 0.8841698843750001 0.3969072171875 0.86872586875 0.35567010312499997 0.783783784375 0.35567010312499997 0.752895753125 0.43298969062500003 0.6602316609375001 0.4278350515625 0.625482625 0.453608246875
1 1 0.798969071875 0.9884169890625 0.7938144328125001 0.9073359078125 0.8041237109375 0.8301158296875 0.9020618562499999 0.8030888031250001 1 1 1 1 0.798969071875
