1 0.5618615046875 0.6588597234375 0.49693763124999996 0.6798594718750001 0.5431509484375 0.7179439546874999 0.585596928125 0.6913398359375 0.5618615046875 0.6588597234375
1 0.081107115625 0.6080559296875 0.0511471015625 0.6324607062500001 0.143557971875 0.660813765625 0.1697769234375 0.6514135609375 0.16352605781250001 0.6286052796875 0.081107115625 0.6080559296875
1 0.08983100000000001 0.5571066234375001 0.118559759375 0.5855192734375 0.2022204671875 0.585128465625 0.20596152656250002 0.5701238921875 0.174738728125 0.5517142921875 0.1135506578125 0.5417708343750001 0.08983100000000001 0.5571066234375001
1 0.47943730625000003 0.6223717390625 0.529386428125 0.6295130125 0.5531060875 0.6141772203125 0.5543478515625 0.5932370625 0.516879440625 0.5679578140625 0.45444960781250004 0.578954515625 0.47943730625000003 0.6223717390625
1 0.3894679265625 0.4246292859375 0.4918707203125 0.460786053125 0.5268293265625 0.44825244687500004 0.5305703859374999 0.4332478734375 0.4956012703125 0.41390421093749996 0.406941971875 0.4024238484375 0.3894679265625 0.4246292859375
1 0.520683565625 0.7442168546875 0.5131961890625 0.758287365625 0.61060039375 0.7825729609375001 0.653046375 0.7559688437500001 0.6442962125 0.7272249765625001 0.571869196875 0.7144793359375 0.573126728125 0.7413550796874999 0.6031025078125001 0.7647662046875 0.520683565625 0.7442168546875
1 0.27835175625 0.4712990921875 0.3133261265625 0.506581390625 0.44568893593750003 0.518333378125 0.443184384375 0.4964591578125 0.395729303125 0.4793148359375 0.289585446875 0.45816264218749997 0.27835175625 0.4712990921875
1 0.7129664015625 0.7071592875 0.7978951484375 0.76552149375 0.8902955078125 0.7619972828125 0.891537271875 0.7410571234375001 0.835337284375 0.7111075687499999 0.7416793953124999 0.687756034375 0.7129664015625 0.7071592875
1 0.7766064671875 0.5795906203125 0.7753384265625 0.52083760625 0.8727321203124999 0.513245934375 0.8976987984375 0.49290862031250005 0.892689696875 0.4491601796875 0.8102707546874999 0.4286108296875 0.7615949296875 0.49616120312499995 0.6729303765625 0.46874220624999996 0.6329784359375 0.48534327499999996 0.65921315625 0.523758975 0.7766064671875 0.5795906203125
1 0.8906428140625 1 0.9128206984375 0.9110493609375 0.9028287718750001 0.9032456515625 0.82166210625 0.8936334125000001 0.7230424125 0.9699811484374999 0.7061087515625 1 0.8906428140625 1
