1 0.659915159375 0.4409204015625 0.6797786328125001 0.5062008828125 0.7186638484375 0.4606592703125 0.692804565625 0.4177554484375 0.659915159375 0.4409204015625
1 0.6227134125 0.8386671671875 0.6007287828125001 0.9207149203125 0.62460696875 0.95109629375 0.6545685015625 0.859194328125 0.6456273125 0.8328153125 0.6227134125 0.8386671671875
1 0.5460298234375001 0.826114271875 0.5350200015625 0.8871194859375 0.549939490625 0.9111031765625001 0.5788491984374999 0.8828746625000001 0.5799185296875 0.7992198765625 0.5649815328125001 0.7952175203125 0.5460298234375001 0.826114271875
1 0.5682420515625 0.48430915781249995 0.5781475265625 0.5469214015625 0.6219942328125 0.5226952421875 0.63000615 0.4728783609375 0.615086659375 0.44889466718750004 0.5941713625 0.4472876375 0.5682420515625 0.48430915781249995
1 0.41384055625 0.50289548125 0.4008146234375 0.591340915625 0.4227117140625 0.6091998390625 0.46065015000000004 0.5074436625 0.4487285640625 0.472271640625 0.4337915671875 0.468269284375 0.41384055625 0.50289548125
1 0.7297086859374999 0.35969138749999996 0.715700959375 0.43188492968750003 0.7425945578125 0.43109663749999994 0.766525265625 0.401534003125 0.7445406375 0.48358175625 0.7584783328125 0.49131355625 0.7844601671875 0.3943480296875 0.7586008859375 0.3514442078125 0.7297086859374999 0.35969138749999996
1 0.4774982125 0.6038938109374999 0.45449677343749995 0.7096523421875001 0.46743516874999996 0.7211135859375 0.5033224796875 0.686760303125 0.5173827265625001 0.5546227546875 0.495468128125 0.556745165625 0.4774982125 0.6038938109374999
1 0.7169278593749999 0.168398125 0.691945325 0.26163420937500004 0.7108445125 0.2906814625 0.7706800406250001 0.2067842109375 0.768768975 0.11433641875 0.7478536765625 0.1127293890625 0.7169278593749999 0.168398125
1 0.456021303125 0.10648283437499999 0.4340366734375 0.1885305875 0.5007272484375 0.2383779171875 0.47176501875000004 0.3265504375 0.4876663 0.366786021875 0.5265340078125 0.34122574375000003 0.584405946875 0.2248247078125 0.5256397515625 0.225067175 0.5197489890625 0.127555821875 0.4998505015625 0.1022380109375 0.456021303125 0.10648283437499999
1 1 0.11633650625 0.9181914703125 0.0944159765625 0.9102145671875 0.10427018749999999 0.8991872375 0.185256734375 0.9738021937499999 0.28519385937499997 1 0.3005808578125 1 0.11633650625
