1 0.415300546875 0.3745454546875 0.415300546875 0.429090909375 0.4316939890625 0.43636363593749994 0.45901639375 0.3563636359375 0.415300546875 0.3745454546875
1 0.508196721875 0.24 0.47540983593749997 0.2363636359375 0.464480875 0.250909090625 0.47540983593749997 0.309090909375 0.497267759375 0.3127272734375 0.508196721875 0.24
1 0.45901639375 0.610909090625 0.43715847031250005 0.6145454546875 0.4316939890625 0.6363636359375 0.43715847031250005 0.690909090625 0.4699453546875 0.7127272734375001 0.45901639375 0.610909090625
1 0.5573770484375 0.8436363640625 0.5737704921875 0.81818181875 0.5519125687499999 0.7672727265625 0.535519125 0.749090909375 0.508196721875 0.7636363640625 0.5136612015625001 0.8327272734375001 0.5573770484375 0.8436363640625
1 0.6174863390625001 0.8654545453125 0.6502732234375 0.8400000000000001 0.6557377046874999 0.8036363640624999 0.6065573765625001 0.7745454546875 0.584699453125 0.8072727265624999 0.584699453125 0.8363636359375001 0.6174863390625001 0.8654545453125
1 0.6174863390625001 0.0363636359375 0.5683060109375 0.050909090625 0.535519125 0.10181818125 0.5519125687499999 0.1454545453125 0.6174863390625001 0.12 0.6174863390625001 0.0363636359375
1 0.5737704921875 0.5527272734374999 0.595628415625 0.5527272734374999 0.6120218578125 0.43272727343749995 0.5683060109375 0.41818181875000004 0.5464480875 0.4472727265625 0.5519125687499999 0.5272727265625 0.5737704921875 0.5527272734374999
1 0.672131146875 0.5745454546875 0.721311475 0.57818181875 0.765027321875 0.5272727265625 0.7595628421875 0.4872727265625 0.7322404375 0.46181818124999996 0.7049180328125 0.46181818124999996 0.672131146875 0.49818181875 0.672131146875 0.5745454546875
1 0.868852459375 0.41818181875000004 0.8087431687500001 0.4436363640625 0.7978142078125 0.5345454546874999 0.8360655734375 0.6072727265625 0.8743169406250001 0.5454545453125 0.868852459375 0.41818181875000004
1 0.677595628125 0.27999999999999997 0.721311475 0.3563636359375 0.7868852453125 0.30181818125 0.7923497265624999 0.21818181874999998 0.7322404375 0.1854545453125 0.6885245906249999 0.2072727265625 0.677595628125 0.23272727343750002 0.677595628125 0.27999999999999997
1 1 0.5563636359374999 0.9726775953125 0.6654545453125 0.857923496875 0.730909090625 0.857923496875 0.749090909375 0.8907103828125 0.76 0.9180327875 0.8363636359375001 1 0.8872727265625 1 0.5563636359374999
