1 0.6254545453125 0.415300546875 0.5709090906250001 0.415300546875 0.5636363640625001 0.4316939890625 0.6436363640625 0.45901639375 0.6254545453125 0.415300546875
1 0.7636363640625 0.47540983593749997 0.749090909375 0.464480875 0.690909090625 0.47540983593749997 0.6872727265624999 0.497267759375 0.76 0.508196721875 0.7636363640625 0.47540983593749997
1 0.3854545453125 0.43715847031250005 0.3636363640625 0.4316939890625 0.309090909375 0.43715847031250005 0.2872727265625 0.4699453546875 0.389090909375 0.45901639375 0.3854545453125 0.43715847031250005
1 0.23272727343750002 0.5519125687499999 0.250909090625 0.535519125 0.2363636359375 0.508196721875 0.1672727265625 0.5136612015625001 0.1563636359375 0.5573770484375 0.18181818125 0.5737704921875 0.23272727343750002 0.5519125687499999
1 0.1963636359375 0.6557377046874999 0.2254545453125 0.6065573765625001 0.1927272734375 0.584699453125 0.16363636406249998 0.584699453125 0.1345454546875 0.6174863390625001 0.16 0.6502732234375 0.1963636359375 0.6557377046874999
1 0.949090909375 0.5683060109375 0.89818181875 0.535519125 0.8545454546875 0.5519125687499999 0.8800000000000001 0.6174863390625001 0.9636363640625 0.6174863390625001 0.949090909375 0.5683060109375
1 0.5672727265625 0.6120218578125 0.58181818125 0.5683060109375 0.5527272734374999 0.5464480875 0.4727272734375 0.5519125687499999 0.4472727265625 0.5737704921875 0.4472727265625 0.595628415625 0.5672727265625 0.6120218578125
1 0.5127272734375 0.7595628421875 0.53818181875 0.7322404375 0.53818181875 0.7049180328125 0.50181818125 0.672131146875 0.4254545453125 0.672131146875 0.42181818125000003 0.721311475 0.4727272734375 0.765027321875 0.5127272734375 0.7595628421875
1 0.5563636359374999 0.8087431687500001 0.4654545453125 0.7978142078125 0.39272727343749997 0.8360655734375 0.45454545468749996 0.8743169406250001 0.58181818125 0.868852459375 0.5563636359374999 0.8087431687500001
1 0.78181818125 0.7923497265624999 0.8145454546875 0.7322404375 0.7927272734375 0.6885245906249999 0.7672727265625 0.677595628125 0.72 0.677595628125 0.6436363640625 0.721311475 0.69818181875 0.7868852453125 0.78181818125 0.7923497265624999
1 0.4436363640625 1 0.3345454546875 0.9726775953125 0.269090909375 0.857923496875 0.250909090625 0.857923496875 0.24 0.8907103828125 0.16363636406249998 0.9180327875 0.1127272734375 1 0.4436363640625 1
