1 0.459459459375 0.67525773125 0.40154440156250004 0.6391752578125 0.3706563703125 0.664948453125 0.40540540468749997 0.701030928125 0.459459459375 0.67525773125
1 0.783783784375 0.7268041234375 0.8069498062499999 0.742268040625 0.903474903125 0.7371134015624999 0.8803088796875 0.7061855671874999 0.7953667953125 0.7061855671874999 0.783783784375 0.7268041234375
1 0.864864865625 0.6340206187499999 0.8030888031250001 0.6288659796875 0.76833976875 0.6391752578125 0.76833976875 0.654639175 0.8494208499999999 0.67525773125 0.8841698843750001 0.654639175 0.864864865625 0.6340206187499999
1 0.525096525 0.5876288656249999 0.46718146718750003 0.5618556703124999 0.42471042499999995 0.5773195875 0.42084942031250006 0.59793814375 0.44015444062500003 0.6185567015625 0.49034749062499994 0.623711340625 0.525096525 0.5876288656249999
1 0.6138996140625 0.4278350515625 0.525096525 0.4175257734375 0.48648648593750005 0.4278350515625 0.48648648593750005 0.44329896875 0.5173745171874999 0.463917525 0.625482625 0.453608246875 0.6138996140625 0.4278350515625
1 0.42471042499999995 0.7474226796875 0.42084942031250006 0.7319587624999999 0.3359073359375 0.7319587624999999 0.3706563703125 0.7164948453125 0.37837837812499997 0.69072165 0.3050193046875 0.6855670109374999 0.28957528906249996 0.7113402062499999 0.32432432499999997 0.7474226796875 0.42471042499999995 0.7474226796875
1 0.7142857140625 0.510309278125 0.60617760625 0.5051546390625 0.55598455625 0.510309278125 0.5482625484375 0.530927834375 0.6795366796875 0.5515463921875 0.7220077218750001 0.5257731953125 0.7142857140625 0.510309278125
1 0.22007722031250002 0.623711340625 0.1235521234375 0.623711340625 0.06177606249999999 0.6391752578125 0.057915057812500004 0.6597938140624999 0.146718146875 0.6855670109374999 0.24324324375 0.6494845359375 0.22007722031250002 0.623711340625
1 0.11583011562500001 0.3969072171875 0.135135134375 0.4226804125 0.227799228125 0.453608246875 0.21235521249999997 0.510309278125 0.33976833906250004 0.4845360828125 0.37451737500000004 0.453608246875 0.33976833906250004 0.4278350515625 0.247104246875 0.43298969062500003 0.21621621562499999 0.35567010312499997 0.13127413125 0.35567010312499997 0.11583011562500001 0.3969072171875
1 0.196911196875 1 0.1698841703125 0.9020618562499999 0.0926640921875 0.8041237109375 0.0115830109375 0.7938144328125001 0 0.798969071875 0 1 0.196911196875 1
