1 0.5590795984375 0.659915159375 0.49379911718749997 0.6797786328125001 0.5393407296875 0.7186638484375 0.5822445515625 0.692804565625 0.5590795984375 0.659915159375
1 0.07928507968750001 0.6007287828125001 0.04890370625 0.62460696875 0.14080567187499998 0.6545685015625 0.16718468749999998 0.6456273125 0.1613328328125 0.6227134125 0.07928507968750001 0.6007287828125001
1 0.08889682343750001 0.549939490625 0.11712533750000001 0.5788491984374999 0.2007801234375 0.5799185296875 0.20478247968750002 0.5649815328125001 0.173885728125 0.5460298234375001 0.11288051406249999 0.5350200015625 0.08889682343750001 0.549939490625
1 0.47730475781250004 0.6219942328125 0.5271216390625 0.63000615 0.5511053328125 0.615086659375 0.5527123625 0.5941713625 0.5156908421875 0.5682420515625 0.4530785984375 0.5781475265625 0.47730475781250004 0.6219942328125
1 0.3908001609375 0.4227117140625 0.49255633750000005 0.46065015000000004 0.527728359375 0.4487285640625 0.531730715625 0.4337915671875 0.49710451874999995 0.41384055625 0.408659084375 0.4008146234375 0.3908001609375 0.4227117140625
1 0.51641824375 0.7445406375 0.50868644375 0.7584783328125 0.6056519703125 0.7844601671875 0.6485557921875 0.7586008859375 0.6403086124999999 0.7297086859374999 0.5681150703125 0.715700959375 0.5689033625000001 0.7425945578125 0.598465996875 0.766525265625 0.51641824375 0.7445406375
1 0.2788864140625 0.46743516874999996 0.31323969687500003 0.5033224796875 0.44537724531249995 0.5173827265625001 0.44325483437499996 0.495468128125 0.3961061890625 0.4774982125 0.2903476578125 0.45449677343749995 0.2788864140625 0.46743516874999996
1 0.7093185375 0.7108445125 0.7932157890625 0.7706800406250001 0.88566358125 0.768768975 0.8872706109375 0.7478536765625 0.8316018749999999 0.7169278593749999 0.738365790625 0.691945325 0.7093185375 0.7108445125
1 0.7751752921875 0.584405946875 0.7749328249999999 0.5256397515625 0.8724441781250001 0.5197489890625 0.8977619890625 0.4998505015625 0.893517165625 0.456021303125 0.8114694124999999 0.4340366734375 0.7616220828125 0.5007272484375 0.6734495625 0.47176501875000004 0.633213978125 0.4876663 0.65877425625 0.5265340078125 0.7751752921875 0.584405946875
1 0.88366349375 1 0.9055840234374999 0.9181914703125 0.8957298124999999 0.9102145671875 0.814743265625 0.8991872375 0.714806140625 0.9738021937499999 0.6994191421875 1 0.88366349375 1
