1 0.352439634375 0.47682674843750006 0.42851356249999994 0.43995845312500004 0.41929718749999995 0.424573528125 0.36515830781249997 0.431220946875 0.352439634375 0.47682674843750006
1 0.23533195468749998 0.5077223171874999 0.2429369296875 0.5398216546875 0.3137902 0.5201109296875 0.3075171296875 0.49885909218749996 0.24843708437499998 0.495102175 0.23533195468749998 0.5077223171874999
1 0.60603319375 0.4236673015625 0.6050877453125 0.4458054609375 0.707478896875 0.44424444375 0.6818276265625001 0.414360915625 0.6270227937499999 0.415584584375 0.60603319375 0.4236673015625
1 0.8248005015625001 0.534444009375 0.8480674546875001 0.51507063125 0.83191205625 0.47301011875 0.7626701875 0.476006434375 0.751562915625 0.504897825 0.7716070671875 0.51895326875 0.8248005015625001 0.534444009375
1 0.855779390625 0.6077175328125 0.8770484859375 0.5720729078125 0.8441786984374999 0.5430757015625 0.8153046296875001 0.5466209906249999 0.7854851125 0.5723044390625 0.8203527562499999 0.6175728953124999 0.855779390625 0.6077175328125
1 0.0625809546875 0.6225272828125 0.05413749375 0.6731136734375001 0.1371504453125 0.6629209640625 0.1544238234375 0.5947338421875 0.1091148609375 0.5837805281249999 0.0625809546875 0.6225272828125
1 0.563988425 0.588489778125 0.5613246140625 0.5667947796874999 0.533395990625 0.5482019109375 0.45332634531249993 0.552527709375 0.42711608749999996 0.577767996875 0.44688074375 0.619385346875 0.563988425 0.588489778125
1 0.51917288125 0.6710696875 0.48707600937500006 0.7080437984375 0.490405771875 0.7351625453125 0.519000346875 0.7591791640625 0.5593681453125 0.7597281390624999 0.604570146875 0.7101338859374999 0.5949673140625 0.6617633015625 0.51917288125 0.6710696875
1 0.48168281718749995 0.8133108437500001 0.46374348593750003 0.8760742171875 0.59073349375 0.8659873234375001 0.6474292234375 0.820487334375 0.5705823796875 0.7913843140625 0.48168281718749995 0.8133108437500001
1 0.256362946875 0.708844209375 0.23243003906249998 0.7227938375 0.21610210937500002 0.7688428 0.2559109171875 0.8245155921875 0.33825791562499996 0.8088991343749999 0.3844053640625 0.737166721875 0.303283309375 0.7030831125 0.256362946875 0.708844209375
1 0.790854125 0.82489904375 0.77280783125 0.8271148500000001 0.7218261796875 0.9489904906250001 0.6168781812499999 0.9894040765625001 0.9453207265625 0.9490764031250001 0.8848018140624999 0.87392441875 0.8056776171875001 0.8561120578124999 0.790854125 0.82489904375
