1 0.414403071875 0.6913398359375 0.4568490515625 0.7179439546874999 0.50306236875 0.6798594718750001 0.4381384953125 0.6588597234375 0.414403071875 0.6913398359375
1 0.918892884375 0.6080559296875 0.8364739421875 0.6286052796875 0.8302230765624999 0.6514135609375 0.8564420281249999 0.660813765625 0.9488528984375 0.6324607062500001 0.918892884375 0.6080559296875
1 0.881440240625 0.5855192734375 0.910169 0.5571066234375001 0.8864493421875 0.5417708343750001 0.8252612718749999 0.5517142921875 0.7940384734375 0.5701238921875 0.7977795328124999 0.585128465625 0.881440240625 0.5855192734375
1 0.47061357187499997 0.6295130125 0.52056269375 0.6223717390625 0.5455503921875 0.578954515625 0.483120559375 0.5679578140625 0.4456521484375 0.5932370625 0.44689391250000005 0.6141772203125 0.47061357187499997 0.6295130125
1 0.5081292796875 0.460786053125 0.6105320734374999 0.4246292859375 0.593058028125 0.4024238484375 0.5043987296875 0.41390421093749996 0.4694296140625 0.4332478734375 0.47317067343749997 0.44825244687500004 0.5081292796875 0.460786053125
1 0.346953625 0.7559688437500001 0.38939960625 0.7825729609375001 0.4868038109375 0.758287365625 0.479316434375 0.7442168546875 0.39689749218750003 0.7647662046875 0.426873271875 0.7413550796874999 0.428130803125 0.7144793359375 0.3557037875 0.7272249765625001 0.346953625 0.7559688437500001
1 0.6866738734375 0.506581390625 0.72164824375 0.4712990921875 0.710414553125 0.45816264218749997 0.604270696875 0.4793148359375 0.5568156156249999 0.4964591578125 0.5543110640625 0.518333378125 0.6866738734375 0.506581390625
1 0.2021048515625 0.76552149375 0.2870335984375 0.7071592875 0.2583206046875 0.687756034375 0.16466271562499998 0.7111075687499999 0.10846272812499999 0.7410571234375001 0.1097044921875 0.7619972828125 0.2021048515625 0.76552149375
1 0.1897292453125 0.4286108296875 0.107310303125 0.4491601796875 0.1023012015625 0.49290862031250005 0.1272678796875 0.513245934375 0.2246615734375 0.52083760625 0.2233935328125 0.5795906203125 0.34078684375 0.523758975 0.36702156406249997 0.48534327499999996 0.3270696234375 0.46874220624999996 0.23840507031249997 0.49616120312499995 0.1897292453125 0.4286108296875
1 0.2938912484375 1 0.2769575875 0.9699811484374999 0.17833789375 0.8936334125000001 0.097171228125 0.9032456515625 0.0871793015625 0.9110493609375 0.10935718593749999 1 0.2938912484375 1
